20 20
100 200
500 500
800 1300
800 200
1000 1100
4 4 4 4 4 4 4 4 4 4 4 4 4 4 4 4 4 4 4 4 
4 1 1 1 1 1 1 1 1 1 1 1 1 1 1 1 1 1 1 4 
4 1 1 1 1 1 1 1 1 1 1 1 1 1 1 1 1 1 1 4 
4 1 1 1 1 1 1 1 1 1 1 1 1 1 1 1 1 1 1 4 
4 1 1 1 1 1 1 1 1 1 1 1 1 1 1 1 1 1 1 4 
4 1 1 1 1 1 1 1 1 1 1 1 1 1 1 1 1 1 1 4 
4 1 1 1 1 1 1 1 1 1 1 1 1 1 1 1 1 1 1 4 
4 1 1 1 1 1 1 1 1 1 1 1 1 1 1 1 1 1 1 4 
4 1 1 1 1 1 1 1 1 1 1 1 1 1 1 1 1 1 1 4 
4 1 1 1 1 1 1 1 1 1 1 1 1 1 1 1 1 1 1 4 
4 1 1 1 1 1 1 1 1 1 1 1 1 1 1 1 1 1 1 4 
4 1 1 1 1 1 1 1 1 1 1 1 1 1 1 1 1 1 1 4 
4 1 1 1 1 1 1 1 1 1 1 1 1 1 1 1 1 1 1 4 
4 1 1 1 1 1 1 1 1 1 1 1 1 1 1 1 1 1 1 4 
4 1 1 1 1 1 1 1 1 1 1 1 1 1 1 1 1 1 1 4 
4 1 1 1 1 1 1 1 1 1 1 1 1 1 1 1 1 1 1 4 
4 1 1 1 1 1 1 1 1 1 1 1 1 1 1 1 1 1 1 4 
4 1 1 1 1 1 1 1 1 1 1 1 1 1 1 1 1 1 1 4 
4 1 1 1 1 1 1 1 1 1 1 1 1 1 1 1 1 1 1 4 
4 4 4 4 4 4 4 4 4 4 4 4 4 4 4 4 4 4 4 4 